{
  "cells": [
    {
      "cell_type": "markdown",
      "metadata": {
        "id": "OqQ8zAcQ2AAP"
      },
      "source": [
        "# Exemplo simples - Uber em São Carlos"
      ]
    },
    {
      "cell_type": "code",
      "execution_count": 1,
      "metadata": {
        "colab": {
          "base_uri": "https://localhost:8080/"
        },
        "id": "zWry7WNy1urH",
        "outputId": "8b5d18dc-7a4c-4d06-8332-8a2edb4b2961"
      },
      "outputs": [
        {
          "name": "stdout",
          "output_type": "stream",
          "text": [
            "Matriz de Transição\n"
          ]
        },
        {
          "data": {
            "text/plain": [
              "matrix([[0.4, 0.5, 0.1],\n",
              "        [0.3, 0.4, 0.3],\n",
              "        [0.2, 0.3, 0.5]])"
            ]
          },
          "execution_count": 1,
          "metadata": {},
          "output_type": "execute_result"
        }
      ],
      "source": [
        "import numpy as np\n",
        "\n",
        "# ver nos slides\n",
        "# posicao 0 = D\n",
        "# posicao 1 = S\n",
        "# posicao 2 = N\n",
        "\n",
        "T = np.matrix([[0.4, 0.5, 0.1],\n",
        "               [0.3, 0.4, 0.3],\n",
        "               [0.2, 0.3, 0.5],])\n",
        "\n",
        "print('Matriz de Transição')\n",
        "T"
      ]
    },
    {
      "cell_type": "code",
      "execution_count": null,
      "metadata": {
        "colab": {
          "base_uri": "https://localhost:8080/"
        },
        "id": "XzZskoi430aM",
        "outputId": "747ebfa2-d8c1-48b3-8498-86e4389b3783"
      },
      "outputs": [
        {
          "data": {
            "text/plain": [
              "matrix([[0.33, 0.43, 0.24],\n",
              "        [0.3 , 0.4 , 0.3 ],\n",
              "        [0.27, 0.37, 0.36]])"
            ]
          },
          "execution_count": 2,
          "metadata": {},
          "output_type": "execute_result"
        }
      ],
      "source": [
        "# quais as probabilidades na segunda transicao?\n",
        "\n",
        "T*T"
      ]
    },
    {
      "cell_type": "code",
      "execution_count": null,
      "metadata": {
        "colab": {
          "base_uri": "https://localhost:8080/"
        },
        "id": "txfJv03r29sF",
        "outputId": "9c1aad97-6e0f-4a5f-de5f-c171b0dfd8f4"
      },
      "outputs": [
        {
          "data": {
            "text/plain": [
              "matrix([[0.309, 0.409, 0.282],\n",
              "        [0.3  , 0.4  , 0.3  ],\n",
              "        [0.291, 0.391, 0.318]])"
            ]
          },
          "execution_count": 3,
          "metadata": {},
          "output_type": "execute_result"
        }
      ],
      "source": [
        "# quais as probabilidades na terceira transicao?\n",
        "\n",
        "T*T*T"
      ]
    },
    {
      "cell_type": "markdown",
      "metadata": {
        "id": "R-GOvGAq5TzX"
      },
      "source": [
        "Estimando distribuição estacionária..."
      ]
    },
    {
      "cell_type": "code",
      "execution_count": null,
      "metadata": {
        "colab": {
          "base_uri": "https://localhost:8080/"
        },
        "id": "p9WaEvX83Nh2",
        "outputId": "45ae5352-fbb1-47d0-e951-3b2b2c4f24ab"
      },
      "outputs": [
        {
          "name": "stdout",
          "output_type": "stream",
          "text": [
            "Transicao  2\n",
            "[[0.33 0.43 0.24]\n",
            " [0.3  0.4  0.3 ]\n",
            " [0.27 0.37 0.36]]\n",
            "Transicao  3\n",
            "[[0.3027 0.4027 0.2946]\n",
            " [0.3    0.4    0.3   ]\n",
            " [0.2973 0.3973 0.3054]]\n",
            "Transicao  4\n",
            "[[0.30002187 0.40002187 0.29995626]\n",
            " [0.3        0.4        0.3       ]\n",
            " [0.29997813 0.39997813 0.30004374]]\n",
            "Transicao  5\n",
            "[[0.3 0.4 0.3]\n",
            " [0.3 0.4 0.3]\n",
            " [0.3 0.4 0.3]]\n",
            "Transicao  6\n",
            "[[0.3 0.4 0.3]\n",
            " [0.3 0.4 0.3]\n",
            " [0.3 0.4 0.3]]\n",
            "Transicao  7\n",
            "[[0.3 0.4 0.3]\n",
            " [0.3 0.4 0.3]\n",
            " [0.3 0.4 0.3]]\n",
            "Transicao  8\n",
            "[[0.3 0.4 0.3]\n",
            " [0.3 0.4 0.3]\n",
            " [0.3 0.4 0.3]]\n",
            "Transicao  9\n",
            "[[0.3 0.4 0.3]\n",
            " [0.3 0.4 0.3]\n",
            " [0.3 0.4 0.3]]\n",
            "Transicao  10\n",
            "[[0.3 0.4 0.3]\n",
            " [0.3 0.4 0.3]\n",
            " [0.3 0.4 0.3]]\n",
            "Transicao  11\n",
            "[[0.3 0.4 0.3]\n",
            " [0.3 0.4 0.3]\n",
            " [0.3 0.4 0.3]]\n"
          ]
        }
      ],
      "source": [
        "T_temp = T\n",
        "for i in range(1,11):\n",
        "  T_temp = T_temp*T_temp\n",
        "  print('Transicao ',i+1)\n",
        "  print(T_temp)"
      ]
    },
    {
      "cell_type": "markdown",
      "metadata": {
        "id": "r7OAwscI5Cwm"
      },
      "source": [
        "# Exercício - Condição Climática"
      ]
    },
    {
      "cell_type": "code",
      "execution_count": null,
      "metadata": {
        "colab": {
          "base_uri": "https://localhost:8080/"
        },
        "id": "2vSYwzhO3v8V",
        "outputId": "9655e3da-3cd9-4118-c217-e92850178706"
      },
      "outputs": [
        {
          "name": "stdout",
          "output_type": "stream",
          "text": [
            "Transicao 1\n",
            "[[0.6 0.1 0.3]\n",
            " [0.3 0.4 0.3]\n",
            " [0.3 0.5 0.2]]\n",
            "Transicao  2\n",
            "[[0.48 0.25 0.27]\n",
            " [0.39 0.34 0.27]\n",
            " [0.39 0.33 0.28]]\n",
            "Transicao  3\n",
            "[[0.4332 0.2941 0.2727]\n",
            " [0.4251 0.3022 0.2727]\n",
            " [0.4251 0.3021 0.2728]]\n",
            "Transicao  4\n",
            "[[0.42860892 0.29866381 0.27272727]\n",
            " [0.42854331 0.29872942 0.27272727]\n",
            " [0.42854331 0.29872941 0.27272728]]\n",
            "Transicao  5\n",
            "[[0.42857143 0.2987013  0.27272727]\n",
            " [0.42857143 0.2987013  0.27272727]\n",
            " [0.42857143 0.2987013  0.27272727]]\n"
          ]
        }
      ],
      "source": [
        "# posicao 0 = S\n",
        "# posicao 1 = R\n",
        "# posicao 2 = C\n",
        "\n",
        "T = np.matrix([[0.6, 0.1, 0.3],\n",
        "               [0.3, 0.4, 0.3],\n",
        "               [0.3, 0.5, 0.2]])\n",
        "\n",
        "print('Transicao 1')\n",
        "print(T)\n",
        "\n",
        "T_temp = T\n",
        "for i in range(1,5):\n",
        "  T_temp = T_temp*T_temp\n",
        "  print('Transicao ',i+1)\n",
        "  print(T_temp)"
      ]
    },
    {
      "cell_type": "markdown",
      "metadata": {
        "id": "uQ5IUjX1DWPT"
      },
      "source": [
        "# Exercício - Páginas Web"
      ]
    },
    {
      "cell_type": "markdown",
      "metadata": {
        "id": "OglPCOydDaql"
      },
      "source": []
    },
    {
      "cell_type": "code",
      "execution_count": null,
      "metadata": {
        "colab": {
          "base_uri": "https://localhost:8080/"
        },
        "id": "GQ_LCm94Am6l",
        "outputId": "3f3b7d1c-1d20-4451-e009-9bcb84b54012"
      },
      "outputs": [
        {
          "data": {
            "text/plain": [
              "matrix([[0.  , 0.23, 0.  , 0.77, 0.  , 0.  ],\n",
              "        [0.09, 0.  , 0.06, 0.  , 0.  , 0.85],\n",
              "        [0.  , 0.  , 0.  , 0.63, 0.  , 0.37],\n",
              "        [0.  , 0.  , 0.  , 0.  , 0.65, 0.35],\n",
              "        [0.  , 0.  , 0.  , 0.  , 0.  , 1.  ],\n",
              "        [0.  , 0.62, 0.  , 0.  , 0.38, 0.  ]])"
            ]
          },
          "execution_count": 9,
          "metadata": {},
          "output_type": "execute_result"
        }
      ],
      "source": [
        "T = np.matrix([[0.  , 0.23, 0.  , 0.77, 0.  , 0.  ],\n",
        "        [0.09, 0.  , 0.06, 0.  , 0.  , 0.85],\n",
        "        [0.  , 0.  , 0.  , 0.63, 0.  , 0.37],\n",
        "        [0.  , 0.  , 0.  , 0.  , 0.65, 0.35],\n",
        "        [0.  , 0.  , 0.  , 0.  , 0.  , 1.  ],\n",
        "        [0.  , 0.62, 0.  , 0.  , 0.38, 0.  ]])\n",
        "T"
      ]
    },
    {
      "cell_type": "code",
      "execution_count": null,
      "metadata": {
        "colab": {
          "base_uri": "https://localhost:8080/"
        },
        "id": "Ex9e8uHAEKKZ",
        "outputId": "d5ed435e-5c2b-45b2-f265-0433e7b56b02"
      },
      "outputs": [
        {
          "name": "stdout",
          "output_type": "stream",
          "text": [
            "Transicao 1\n",
            "[[0.   0.23 0.   0.77 0.   0.  ]\n",
            " [0.09 0.   0.06 0.   0.   0.85]\n",
            " [0.   0.   0.   0.63 0.   0.37]\n",
            " [0.   0.   0.   0.   0.65 0.35]\n",
            " [0.   0.   0.   0.   0.   1.  ]\n",
            " [0.   0.62 0.   0.   0.38 0.  ]]\n",
            "Transicao  2\n",
            "[[0.0207 0.     0.0138 0.     0.5005 0.465 ]\n",
            " [0.     0.5477 0.     0.1071 0.323  0.0222]\n",
            " [0.     0.2294 0.     0.     0.5501 0.2205]\n",
            " [0.     0.217  0.     0.     0.133  0.65  ]\n",
            " [0.     0.62   0.     0.     0.38   0.    ]\n",
            " [0.0558 0.     0.0372 0.     0.     0.907 ]]\n",
            "Transicao  3\n",
            "[[2.6375490e-02 3.1347572e-01 1.7583660e-02 0.0000000e+00 2.0814173e-01\n",
            "  4.3442340e-01]\n",
            " [1.2387600e-03 5.2347599e-01 8.2584000e-04 5.8658670e-02 3.1389140e-01\n",
            "  1.0190934e-01]\n",
            " [1.2303900e-02 4.6670438e-01 8.2026000e-03 2.4568740e-02 2.8313420e-01\n",
            "  2.0508618e-01]\n",
            " [3.6270000e-02 2.0131090e-01 2.4180000e-02 2.3240700e-02 1.2063100e-01\n",
            "  5.9436740e-01]\n",
            " [0.0000000e+00 5.7517400e-01 0.0000000e+00 6.6402000e-02 3.4466000e-01\n",
            "  1.3764000e-02]\n",
            " [5.1765660e-02 8.5336800e-03 3.4510440e-02 0.0000000e+00 4.8391620e-02\n",
            "  8.5679860e-01]]\n",
            "Transicao  4\n",
            "[[0.02378855 0.3039964  0.01585903 0.0326411  0.20162629 0.42208862]\n",
            " [0.00809425 0.46802132 0.00539617 0.05293298 0.28499969 0.18055559]\n",
            " [0.01251111 0.42154123 0.00834074 0.04694946 0.26185112 0.24880635]\n",
            " [0.03311428 0.20717066 0.02207619 0.02095297 0.15072788 0.56595802]\n",
            " [0.00383341 0.51281415 0.0025556  0.05816828 0.30800889 0.11461966]\n",
            " [0.04615327 0.07194587 0.03076885 0.00456175 0.08136486 0.76520539]]\n",
            "Transicao  5\n",
            "[[0.02455951 0.2967203  0.016373   0.03195014 0.19695378 0.43344328]\n",
            " [0.01522693 0.39388755 0.01015129 0.04380201 0.24688273 0.29004948]\n",
            " [0.01785574 0.36651768 0.01190383 0.04046356 0.23281888 0.33044032]\n",
            " [0.03013329 0.23868751 0.02008886 0.02487188 0.16713378 0.51908469]\n",
            " [0.01267101 0.42049908 0.00844734 0.04704791 0.26055705 0.25077762]\n",
            " [0.03784492 0.15839645 0.02522994 0.0150785  0.12587663 0.63757355]]\n",
            "Transicao  6\n",
            "[[0.02527565 0.28926359 0.01685043 0.03104073 0.19312217 0.44444742]\n",
            " [0.02197797 0.32359794 0.01465198 0.03522859 0.21076473 0.39377878]\n",
            " [0.02290686 0.31392672 0.01527124 0.03404897 0.20579522 0.408051  ]\n",
            " [0.02724518 0.2687575  0.01816345 0.02853954 0.1825852  0.47470912]\n",
            " [0.02107482 0.33300123 0.01404988 0.03637554 0.21559658 0.37990194]\n",
            " [0.02997011 0.24038641 0.01998007 0.02507904 0.16800684 0.51657752]]\n",
            "Transicao  7\n",
            "[[0.02561814 0.2856977  0.01707876 0.03060579 0.19128986 0.44970975]\n",
            " [0.0252064  0.28998463 0.01680427 0.03112868 0.19349268 0.44338334]\n",
            " [0.02532238 0.2887771  0.01688158 0.03098139 0.19287219 0.44516535]\n",
            " [0.02586405 0.28313734 0.0172427  0.0302935  0.18997423 0.45348818]\n",
            " [0.02509363 0.29115872 0.01672909 0.03127189 0.19409597 0.4416507 ]\n",
            " [0.02620428 0.27959497 0.01746952 0.02986142 0.18815399 0.45871581]]\n",
            "Transicao  8\n",
            "[[0.02566624 0.28519688 0.01711083 0.0305447  0.19103251 0.45044884]\n",
            " [0.02565982 0.28526371 0.01710655 0.03055286 0.19106685 0.45035021]\n",
            " [0.02566163 0.28524488 0.01710776 0.03055056 0.19105718 0.45037799]\n",
            " [0.02567008 0.28515696 0.01711338 0.03053984 0.191012   0.45050774]\n",
            " [0.02565807 0.28528201 0.01710538 0.03055509 0.19107626 0.4503232 ]\n",
            " [0.02567538 0.28510174 0.01711692 0.0305331  0.19098362 0.45058924]]\n",
            "Transicao  9\n",
            "[[0.02566701 0.28518895 0.01711134 0.03054374 0.19102844 0.45046054]\n",
            " [0.025667   0.28518896 0.01711134 0.03054374 0.19102844 0.45046051]\n",
            " [0.025667   0.28518896 0.01711134 0.03054374 0.19102844 0.45046052]\n",
            " [0.02566701 0.28518894 0.01711134 0.03054374 0.19102843 0.45046055]\n",
            " [0.025667   0.28518897 0.01711134 0.03054374 0.19102845 0.45046051]\n",
            " [0.02566701 0.28518893 0.01711134 0.03054373 0.19102842 0.45046057]]\n",
            "Transicao  10\n",
            "[[0.02566701 0.28518895 0.01711134 0.03054374 0.19102843 0.45046054]\n",
            " [0.02566701 0.28518895 0.01711134 0.03054374 0.19102843 0.45046054]\n",
            " [0.02566701 0.28518895 0.01711134 0.03054374 0.19102843 0.45046054]\n",
            " [0.02566701 0.28518895 0.01711134 0.03054374 0.19102843 0.45046054]\n",
            " [0.02566701 0.28518895 0.01711134 0.03054374 0.19102843 0.45046054]\n",
            " [0.02566701 0.28518895 0.01711134 0.03054374 0.19102843 0.45046054]]\n"
          ]
        }
      ],
      "source": [
        "print('Transicao 1')\n",
        "print(T)\n",
        "\n",
        "T_temp = T\n",
        "for i in range(1,10):\n",
        "  T_temp = T_temp*T_temp\n",
        "  print('Transicao ',i+1)\n",
        "  print(T_temp)"
      ]
    },
    {
      "cell_type": "markdown",
      "metadata": {
        "id": "PtPkCxWHFDwj"
      },
      "source": [
        "# Aplicação - Cadeias de Markov para Gerar Texto\n",
        "\n",
        "Adaptado de https://github.com/StrikingLoo/ASOIAF-Markov/blob/master/ASOIAF.ipynb"
      ]
    },
    {
      "cell_type": "code",
      "execution_count": null,
      "metadata": {
        "id": "Hiy9jIPEHq3A"
      },
      "outputs": [],
      "source": [
        "!mkdir livros"
      ]
    },
    {
      "cell_type": "code",
      "execution_count": null,
      "metadata": {
        "colab": {
          "base_uri": "https://localhost:8080/"
        },
        "id": "UK8mtQ34HtVY",
        "outputId": "5e292f4b-83b2-4597-9b56-0b2401379ef0"
      },
      "outputs": [
        {
          "name": "stdout",
          "output_type": "stream",
          "text": [
            "--2025-04-05 00:54:47--  https://visionvox.net/biblioteca/s/Sun_Tzu_a_Arte_da_Guerra_-_Edi%C3%A7%C3%A3o_Completa.txt\n",
            "Resolving visionvox.net (visionvox.net)... 188.114.97.0, 188.114.96.0, 2a06:98c1:3121::, ...\n",
            "Connecting to visionvox.net (visionvox.net)|188.114.97.0|:443... connected.\n",
            "HTTP request sent, awaiting response... 200 OK\n",
            "Length: unspecified [application/octet-stream]\n",
            "Saving to: ‘livros/arte_guerra.txt’\n",
            "\n",
            "livros/arte_guerra.     [ <=>                ] 474.61K  2.55MB/s    in 0.2s    \n",
            "\n",
            "2025-04-05 00:54:48 (2.55 MB/s) - ‘livros/arte_guerra.txt’ saved [485996]\n",
            "\n"
          ]
        }
      ],
      "source": [
        "!wget https://visionvox.net/biblioteca/s/Sun_Tzu_a_Arte_da_Guerra_-_Edi%C3%A7%C3%A3o_Completa.txt -O livros/arte_guerra.txt"
      ]
    },
    {
      "cell_type": "code",
      "execution_count": null,
      "metadata": {
        "id": "fAHWrXMLFGDQ"
      },
      "outputs": [],
      "source": [
        "import pandas as pd\n",
        "import seaborn as sns\n",
        "import numpy as np\n",
        "import glob"
      ]
    },
    {
      "cell_type": "code",
      "execution_count": null,
      "metadata": {
        "colab": {
          "base_uri": "https://localhost:8080/"
        },
        "id": "1KJHYpp8Hm2X",
        "outputId": "98bc08e7-cf81-4b70-d035-846d647ab93c"
      },
      "outputs": [
        {
          "data": {
            "text/plain": [
              "['livros/arte_guerra.txt']"
            ]
          },
          "execution_count": 14,
          "metadata": {},
          "output_type": "execute_result"
        }
      ],
      "source": [
        "file_names = glob.glob('livros/*.txt')\n",
        "file_names"
      ]
    },
    {
      "cell_type": "code",
      "execution_count": null,
      "metadata": {
        "id": "Nquymz7mH1cA"
      },
      "outputs": [],
      "source": [
        "def get_sentences(file_name):\n",
        "    with open(file_name, 'r',encoding=\"ISO-8859-1\") as f:\n",
        "        return f.read().split('.')\n",
        "\n",
        "MIN_LENGTH = 15\n",
        "sentences = []\n",
        "for file_name in file_names:\n",
        "    sentences+=get_sentences(file_name)\n",
        "\n",
        "sentences = [sentence.replace('\\n','') for sentence in sentences]\n",
        "sentences = [sentence.replace('\\t','') for sentence in sentences]\n",
        "sentences = [sentence for sentence in sentences if len(sentence)>MIN_LENGTH]"
      ]
    },
    {
      "cell_type": "code",
      "execution_count": null,
      "metadata": {
        "colab": {
          "base_uri": "https://localhost:8080/",
          "height": 793
        },
        "id": "DCtCSDVDICGq",
        "outputId": "ce745af5-c8e6-49b8-82fe-f7fdef1280e6"
      },
      "outputs": [
        {
          "data": {
            "application/vnd.google.colaboratory.intrinsic+json": {
              "summary": "{\n  \"name\": \"pd\",\n  \"rows\": 3217,\n  \"fields\": [\n    {\n      \"column\": 0,\n      \"properties\": {\n        \"dtype\": \"string\",\n        \"num_unique_values\": 3156,\n        \"samples\": [\n          \" Em \\u0093Vacuidade e subst\\u00e2ncia\\u0094, o pr\\u00f3prio Sun Tzu enfatizou a import\\u00e2ncia de ser informe \\u0096 o que \\u00e9 realizado atrav\\u00e9s do engodo, de numerosas t\\u00e9cnicas enganosas e manobras secretas \\u0096 com o objetivo de evitar que o inimigo perceba suas inten\\u00e7\\u00f5es e disposi\\u00e7\\u00e3o, impedindo por meio disso o desenvolvimento de t\\u00e1ticas efetivas para ataque e defesa\",\n          \" Ser o fraco vitorioso sobre o forte, ser o male\\u00e1vel vitorioso sobre o r\\u00edgido \\u0096 n\\u00e3o h\\u00e1 ningu\\u00e9m sob o C\\u00e9u que n\\u00e3o o saiba\",\n          \" O \\u00fanico termo problem\\u00e1tico nessa interpreta\\u00e7\\u00e3o continua sendo \\u0093atalhos/estradas\\u0094, podendo ser talvez compreendido como \\u0093for\\u00e7\\u00e1-los a caminhos ainda menores\\u0094\"\n        ],\n        \"semantic_type\": \"\",\n        \"description\": \"\"\n      }\n    }\n  ]\n}",
              "type": "dataframe"
            },
            "text/html": [
              "\n",
              "  <div id=\"df-36c98a3f-12e9-4ff5-8cf7-6d50579bf126\" class=\"colab-df-container\">\n",
              "    <div>\n",
              "<style scoped>\n",
              "    .dataframe tbody tr th:only-of-type {\n",
              "        vertical-align: middle;\n",
              "    }\n",
              "\n",
              "    .dataframe tbody tr th {\n",
              "        vertical-align: top;\n",
              "    }\n",
              "\n",
              "    .dataframe thead th {\n",
              "        text-align: right;\n",
              "    }\n",
              "</style>\n",
              "<table border=\"1\" class=\"dataframe\">\n",
              "  <thead>\n",
              "    <tr style=\"text-align: right;\">\n",
              "      <th></th>\n",
              "      <th>0</th>\n",
              "    </tr>\n",
              "  </thead>\n",
              "  <tbody>\n",
              "    <tr>\n",
              "      <th>0</th>\n",
              "      <td>A ARTE DA GUERRAEdição CompletaSUN TZUSUN PINT...</td>\n",
              "    </tr>\n",
              "    <tr>\n",
              "      <th>1</th>\n",
              "      <td>SawyerColaboração deMei-chun Lee SawyerTraduç...</td>\n",
              "    </tr>\n",
              "    <tr>\n",
              "      <th>2</th>\n",
              "      <td>Além disso, as implicações desse texto lacôni...</td>\n",
              "    </tr>\n",
              "    <tr>\n",
              "      <th>3</th>\n",
              "      <td>Entre as inúmeras interpretações que existem ...</td>\n",
              "    </tr>\n",
              "    <tr>\n",
              "      <th>4</th>\n",
              "      <td>Naturalmente, os conceitos e táticas fornecem...</td>\n",
              "    </tr>\n",
              "    <tr>\n",
              "      <th>...</th>\n",
              "      <td>...</td>\n",
              "    </tr>\n",
              "    <tr>\n",
              "      <th>3212</th>\n",
              "      <td>030 São Paulo SP BrasilTel</td>\n",
              "    </tr>\n",
              "    <tr>\n",
              "      <th>3213</th>\n",
              "      <td>8150 Fax (11) 3101</td>\n",
              "    </tr>\n",
              "    <tr>\n",
              "      <th>3214</th>\n",
              "      <td>1042e-mail: info@wmfmartinsfontes</td>\n",
              "    </tr>\n",
              "    <tr>\n",
              "      <th>3215</th>\n",
              "      <td>wmfmartinsfontes</td>\n",
              "    </tr>\n",
              "    <tr>\n",
              "      <th>3216</th>\n",
              "      <td>brEdição digital: maio 2012ISBN: 978-85-7827-5...</td>\n",
              "    </tr>\n",
              "  </tbody>\n",
              "</table>\n",
              "<p>3217 rows × 1 columns</p>\n",
              "</div>\n",
              "    <div class=\"colab-df-buttons\">\n",
              "\n",
              "  <div class=\"colab-df-container\">\n",
              "    <button class=\"colab-df-convert\" onclick=\"convertToInteractive('df-36c98a3f-12e9-4ff5-8cf7-6d50579bf126')\"\n",
              "            title=\"Convert this dataframe to an interactive table.\"\n",
              "            style=\"display:none;\">\n",
              "\n",
              "  <svg xmlns=\"http://www.w3.org/2000/svg\" height=\"24px\" viewBox=\"0 -960 960 960\">\n",
              "    <path d=\"M120-120v-720h720v720H120Zm60-500h600v-160H180v160Zm220 220h160v-160H400v160Zm0 220h160v-160H400v160ZM180-400h160v-160H180v160Zm440 0h160v-160H620v160ZM180-180h160v-160H180v160Zm440 0h160v-160H620v160Z\"/>\n",
              "  </svg>\n",
              "    </button>\n",
              "\n",
              "  <style>\n",
              "    .colab-df-container {\n",
              "      display:flex;\n",
              "      gap: 12px;\n",
              "    }\n",
              "\n",
              "    .colab-df-convert {\n",
              "      background-color: #E8F0FE;\n",
              "      border: none;\n",
              "      border-radius: 50%;\n",
              "      cursor: pointer;\n",
              "      display: none;\n",
              "      fill: #1967D2;\n",
              "      height: 32px;\n",
              "      padding: 0 0 0 0;\n",
              "      width: 32px;\n",
              "    }\n",
              "\n",
              "    .colab-df-convert:hover {\n",
              "      background-color: #E2EBFA;\n",
              "      box-shadow: 0px 1px 2px rgba(60, 64, 67, 0.3), 0px 1px 3px 1px rgba(60, 64, 67, 0.15);\n",
              "      fill: #174EA6;\n",
              "    }\n",
              "\n",
              "    .colab-df-buttons div {\n",
              "      margin-bottom: 4px;\n",
              "    }\n",
              "\n",
              "    [theme=dark] .colab-df-convert {\n",
              "      background-color: #3B4455;\n",
              "      fill: #D2E3FC;\n",
              "    }\n",
              "\n",
              "    [theme=dark] .colab-df-convert:hover {\n",
              "      background-color: #434B5C;\n",
              "      box-shadow: 0px 1px 3px 1px rgba(0, 0, 0, 0.15);\n",
              "      filter: drop-shadow(0px 1px 2px rgba(0, 0, 0, 0.3));\n",
              "      fill: #FFFFFF;\n",
              "    }\n",
              "  </style>\n",
              "\n",
              "    <script>\n",
              "      const buttonEl =\n",
              "        document.querySelector('#df-36c98a3f-12e9-4ff5-8cf7-6d50579bf126 button.colab-df-convert');\n",
              "      buttonEl.style.display =\n",
              "        google.colab.kernel.accessAllowed ? 'block' : 'none';\n",
              "\n",
              "      async function convertToInteractive(key) {\n",
              "        const element = document.querySelector('#df-36c98a3f-12e9-4ff5-8cf7-6d50579bf126');\n",
              "        const dataTable =\n",
              "          await google.colab.kernel.invokeFunction('convertToInteractive',\n",
              "                                                    [key], {});\n",
              "        if (!dataTable) return;\n",
              "\n",
              "        const docLinkHtml = 'Like what you see? Visit the ' +\n",
              "          '<a target=\"_blank\" href=https://colab.research.google.com/notebooks/data_table.ipynb>data table notebook</a>'\n",
              "          + ' to learn more about interactive tables.';\n",
              "        element.innerHTML = '';\n",
              "        dataTable['output_type'] = 'display_data';\n",
              "        await google.colab.output.renderOutput(dataTable, element);\n",
              "        const docLink = document.createElement('div');\n",
              "        docLink.innerHTML = docLinkHtml;\n",
              "        element.appendChild(docLink);\n",
              "      }\n",
              "    </script>\n",
              "  </div>\n",
              "\n",
              "\n",
              "<div id=\"df-d829e211-bc3d-4a30-965f-bd2da73c2afd\">\n",
              "  <button class=\"colab-df-quickchart\" onclick=\"quickchart('df-d829e211-bc3d-4a30-965f-bd2da73c2afd')\"\n",
              "            title=\"Suggest charts\"\n",
              "            style=\"display:none;\">\n",
              "\n",
              "<svg xmlns=\"http://www.w3.org/2000/svg\" height=\"24px\"viewBox=\"0 0 24 24\"\n",
              "     width=\"24px\">\n",
              "    <g>\n",
              "        <path d=\"M19 3H5c-1.1 0-2 .9-2 2v14c0 1.1.9 2 2 2h14c1.1 0 2-.9 2-2V5c0-1.1-.9-2-2-2zM9 17H7v-7h2v7zm4 0h-2V7h2v10zm4 0h-2v-4h2v4z\"/>\n",
              "    </g>\n",
              "</svg>\n",
              "  </button>\n",
              "\n",
              "<style>\n",
              "  .colab-df-quickchart {\n",
              "      --bg-color: #E8F0FE;\n",
              "      --fill-color: #1967D2;\n",
              "      --hover-bg-color: #E2EBFA;\n",
              "      --hover-fill-color: #174EA6;\n",
              "      --disabled-fill-color: #AAA;\n",
              "      --disabled-bg-color: #DDD;\n",
              "  }\n",
              "\n",
              "  [theme=dark] .colab-df-quickchart {\n",
              "      --bg-color: #3B4455;\n",
              "      --fill-color: #D2E3FC;\n",
              "      --hover-bg-color: #434B5C;\n",
              "      --hover-fill-color: #FFFFFF;\n",
              "      --disabled-bg-color: #3B4455;\n",
              "      --disabled-fill-color: #666;\n",
              "  }\n",
              "\n",
              "  .colab-df-quickchart {\n",
              "    background-color: var(--bg-color);\n",
              "    border: none;\n",
              "    border-radius: 50%;\n",
              "    cursor: pointer;\n",
              "    display: none;\n",
              "    fill: var(--fill-color);\n",
              "    height: 32px;\n",
              "    padding: 0;\n",
              "    width: 32px;\n",
              "  }\n",
              "\n",
              "  .colab-df-quickchart:hover {\n",
              "    background-color: var(--hover-bg-color);\n",
              "    box-shadow: 0 1px 2px rgba(60, 64, 67, 0.3), 0 1px 3px 1px rgba(60, 64, 67, 0.15);\n",
              "    fill: var(--button-hover-fill-color);\n",
              "  }\n",
              "\n",
              "  .colab-df-quickchart-complete:disabled,\n",
              "  .colab-df-quickchart-complete:disabled:hover {\n",
              "    background-color: var(--disabled-bg-color);\n",
              "    fill: var(--disabled-fill-color);\n",
              "    box-shadow: none;\n",
              "  }\n",
              "\n",
              "  .colab-df-spinner {\n",
              "    border: 2px solid var(--fill-color);\n",
              "    border-color: transparent;\n",
              "    border-bottom-color: var(--fill-color);\n",
              "    animation:\n",
              "      spin 1s steps(1) infinite;\n",
              "  }\n",
              "\n",
              "  @keyframes spin {\n",
              "    0% {\n",
              "      border-color: transparent;\n",
              "      border-bottom-color: var(--fill-color);\n",
              "      border-left-color: var(--fill-color);\n",
              "    }\n",
              "    20% {\n",
              "      border-color: transparent;\n",
              "      border-left-color: var(--fill-color);\n",
              "      border-top-color: var(--fill-color);\n",
              "    }\n",
              "    30% {\n",
              "      border-color: transparent;\n",
              "      border-left-color: var(--fill-color);\n",
              "      border-top-color: var(--fill-color);\n",
              "      border-right-color: var(--fill-color);\n",
              "    }\n",
              "    40% {\n",
              "      border-color: transparent;\n",
              "      border-right-color: var(--fill-color);\n",
              "      border-top-color: var(--fill-color);\n",
              "    }\n",
              "    60% {\n",
              "      border-color: transparent;\n",
              "      border-right-color: var(--fill-color);\n",
              "    }\n",
              "    80% {\n",
              "      border-color: transparent;\n",
              "      border-right-color: var(--fill-color);\n",
              "      border-bottom-color: var(--fill-color);\n",
              "    }\n",
              "    90% {\n",
              "      border-color: transparent;\n",
              "      border-bottom-color: var(--fill-color);\n",
              "    }\n",
              "  }\n",
              "</style>\n",
              "\n",
              "  <script>\n",
              "    async function quickchart(key) {\n",
              "      const quickchartButtonEl =\n",
              "        document.querySelector('#' + key + ' button');\n",
              "      quickchartButtonEl.disabled = true;  // To prevent multiple clicks.\n",
              "      quickchartButtonEl.classList.add('colab-df-spinner');\n",
              "      try {\n",
              "        const charts = await google.colab.kernel.invokeFunction(\n",
              "            'suggestCharts', [key], {});\n",
              "      } catch (error) {\n",
              "        console.error('Error during call to suggestCharts:', error);\n",
              "      }\n",
              "      quickchartButtonEl.classList.remove('colab-df-spinner');\n",
              "      quickchartButtonEl.classList.add('colab-df-quickchart-complete');\n",
              "    }\n",
              "    (() => {\n",
              "      let quickchartButtonEl =\n",
              "        document.querySelector('#df-d829e211-bc3d-4a30-965f-bd2da73c2afd button');\n",
              "      quickchartButtonEl.style.display =\n",
              "        google.colab.kernel.accessAllowed ? 'block' : 'none';\n",
              "    })();\n",
              "  </script>\n",
              "</div>\n",
              "\n",
              "    </div>\n",
              "  </div>\n"
            ],
            "text/plain": [
              "                                                      0\n",
              "0     A ARTE DA GUERRAEdição CompletaSUN TZUSUN PINT...\n",
              "1      SawyerColaboração deMei-chun Lee SawyerTraduç...\n",
              "2      Além disso, as implicações desse texto lacôni...\n",
              "3      Entre as inúmeras interpretações que existem ...\n",
              "4      Naturalmente, os conceitos e táticas fornecem...\n",
              "...                                                 ...\n",
              "3212                         030 São Paulo SP BrasilTel\n",
              "3213                                 8150 Fax (11) 3101\n",
              "3214                  1042e-mail: info@wmfmartinsfontes\n",
              "3215                                   wmfmartinsfontes\n",
              "3216  brEdição digital: maio 2012ISBN: 978-85-7827-5...\n",
              "\n",
              "[3217 rows x 1 columns]"
            ]
          },
          "execution_count": 16,
          "metadata": {},
          "output_type": "execute_result"
        }
      ],
      "source": [
        "pd.DataFrame(sentences)"
      ]
    },
    {
      "cell_type": "code",
      "execution_count": null,
      "metadata": {
        "colab": {
          "base_uri": "https://localhost:8080/"
        },
        "id": "Geh3j2znvLSH",
        "outputId": "9a3994e4-3f7e-4fc7-e98c-dae584c879ef"
      },
      "outputs": [
        {
          "data": {
            "text/plain": [
              "{'A': {'ARTE': 0.00881057268722467,\n",
              "  'disposição': 0.06607929515418502,\n",
              "  'captura': 0.004405286343612335,\n",
              "  'preparação': 0.004405286343612335,\n",
              "  'natureza': 0.013215859030837005,\n",
              "  'distinção': 0.004405286343612335,\n",
              "  'retidão': 0.004405286343612335,\n",
              "  'virtude': 0.004405286343612335,\n",
              "  'arte': 0.32158590308370044,\n",
              "  'segunda': 0.01762114537444934,\n",
              "  'estratégia': 0.00881057268722467,\n",
              "  'nova': 0.004405286343612335,\n",
              "  'cidade': 0.004405286343612335,\n",
              "  'partir': 0.004405286343612335,\n",
              "  'experiência': 0.004405286343612335,\n",
              "  'evolução': 0.004405286343612335,\n",
              "  'organização': 0.004405286343612335,\n",
              "  'mobilidade': 0.004405286343612335,\n",
              "  'vida': 0.00881057268722467,\n",
              "  'opinião': 0.004405286343612335,\n",
              "  'estrada': 0.00881057268722467,\n",
              "  'inteligência,': 0.004405286343612335,\n",
              "  'psicologia': 0.00881057268722467,\n",
              "  'principal': 0.004405286343612335,\n",
              "  'segunda,': 0.004405286343612335,\n",
              "  'concordância': 0.004405286343612335,\n",
              "  'todos': 0.004405286343612335,\n",
              "  'liberação': 0.004405286343612335,\n",
              "  'definição': 0.004405286343612335,\n",
              "  'regra': 0.004405286343612335,\n",
              "  'terceira': 0.00881057268722467,\n",
              "  'Sovela,': 0.004405286343612335,\n",
              "  'Sovela': 0.004405286343612335,\n",
              "  'responsabilidade': 0.004405286343612335,\n",
              "  'isso': 0.030837004405286344,\n",
              "  'avaliação': 0.004405286343612335,\n",
              "  'ponderação': 0.004405286343612335,\n",
              "  'tática': 0.004405286343612335,\n",
              "  'configuração': 0.004405286343612335,\n",
              "  'água': 0.01762114537444934,\n",
              "  'realização': 0.004405286343612335,\n",
              "  'dificuldade': 0.004405286343612335,\n",
              "  'sabedoria,': 0.004405286343612335,\n",
              "  'destruição': 0.004405286343612335,\n",
              "  'seção': 0.00881057268722467,\n",
              "  'cólera': 0.004405286343612335,\n",
              "  'crença': 0.004405286343612335,\n",
              "  'penúltima': 0.004405286343612335,\n",
              "  'shuaijan': 0.004405286343612335,\n",
              "  'vitória': 0.00881057268722467,\n",
              "  'menos': 0.004405286343612335,\n",
              "  'SUN': 0.013215859030837005,\n",
              "  'vila': 0.004405286343612335,\n",
              "  'área': 0.004405286343612335,\n",
              "  'própria': 0.004405286343612335,\n",
              "  'Formação': 0.00881057268722467,\n",
              "  'seleção': 0.004405286343612335,\n",
              "  'particularização': 0.004405286343612335,\n",
              "  'confiança': 0.004405286343612335,\n",
              "  'guerra': 0.00881057268722467,\n",
              "  'tradução,': 0.004405286343612335,\n",
              "  'investigação': 0.004405286343612335,\n",
              "  'maioria': 0.01762114537444934,\n",
              "  'concepção': 0.004405286343612335,\n",
              "  'analogia': 0.004405286343612335,\n",
              "  'autoridade': 0.004405286343612335,\n",
              "  'referência': 0.004405286343612335,\n",
              "  'tradução': 0.004405286343612335,\n",
              "  'primeira': 0.01762114537444934,\n",
              "  'frase': 0.004405286343612335,\n",
              "  'solução': 0.004405286343612335,\n",
              "  'análise': 0.004405286343612335,\n",
              "  'tarefa': 0.004405286343612335,\n",
              "  'resposta': 0.00881057268722467,\n",
              "  'chave': 0.00881057268722467,\n",
              "  'importância': 0.004405286343612335,\n",
              "  'armadura': 0.004405286343612335,\n",
              "  'idoneidade': 0.004405286343612335,\n",
              "  'cada': 0.004405286343612335,\n",
              "  'teoria': 0.004405286343612335,\n",
              "  'perspectiva,': 0.004405286343612335,\n",
              "  'época': 0.00881057268722467,\n",
              "  'UMA': 0.004405286343612335,\n",
              "  'doação': 0.004405286343612335,\n",
              "  'última': 0.004405286343612335,\n",
              "  'emergência': 0.004405286343612335,\n",
              "  'PEQUENOS': 0.004405286343612335,\n",
              "  'categorização': 0.004405286343612335,\n",
              "  'simples': 0.004405286343612335,\n",
              "  'presença': 0.004405286343612335,\n",
              "  'quarta': 0.004405286343612335,\n",
              "  'quinta': 0.004405286343612335,\n",
              "  'sexta': 0.004405286343612335,\n",
              "  'nona': 0.004405286343612335,\n",
              "  'porção': 0.004405286343612335,\n",
              "  'lista': 0.004405286343612335,\n",
              "  'isto': 0.004405286343612335,\n",
              "  'retaguarda': 0.004405286343612335,\n",
              "  'despeito': 0.004405286343612335,\n",
              "  'essência': 0.004405286343612335,\n",
              "  'questão': 0.004405286343612335,\n",
              "  'propensão': 0.004405286343612335,\n",
